0.6532 -0.9139 1.5964
0.6549 -0.9119 1.6703
0.6566 -0.9099 1.7419
0.6582 -0.9079 1.8113
0.6599 -0.9059 1.8786
0.6616 -0.9039 1.9436
0.6633 -0.9019 2.0064
0.6650 -0.8999 2.0670
0.6667 -0.8979 2.1254
0.6683 -0.8959 2.1816
0.6700 -0.8939 2.2356
0.6717 -0.8918 2.2874
0.6734 -0.8898 2.3370
0.6751 -0.8878 2.3844
0.6767 -0.8858 2.4295
0.6784 -0.8838 2.4725
0.6801 -0.8818 2.5132
0.6818 -0.8798 2.5518
0.6835 -0.8778 2.5881
0.6852 -0.8758 2.6223
0.6868 -0.8738 2.6542
0.6885 -0.8718 2.6839
0.6902 -0.8698 2.7114
0.6919 -0.8678 2.7367
0.6936 -0.8658 2.7598
0.6952 -0.8638 2.7807
0.6969 -0.8618 2.7994
0.6986 -0.8598 2.8159
0.7003 -0.8578 2.8302
0.7020 -0.8558 2.8422
0.7037 -0.8538 2.8521
0.7053 -0.8518 2.8598
0.7070 -0.8498 2.8652
0.7087 -0.8477 2.8685
0.7104 -0.8457 2.8695
0.7121 -0.8437 2.8683
0.7137 -0.8417 2.8650
0.7154 -0.8397 2.8594
0.7171 -0.8377 2.8516
0.7188 -0.8357 2.8416
0.7205 -0.8337 2.8294
0.7222 -0.8317 2.8150
0.7238 -0.8297 2.7984
0.7255 -0.8277 2.7795
0.7272 -0.8257 2.7585
0.7289 -0.8237 2.7353
0.7306 -0.8217 2.7098
0.7322 -0.8197 2.6822
0.7339 -0.8177 2.6523
0.7356 -0.8157 2.6203
0.7373 -0.8137 2.5860
0.7390 -0.8117 2.5495
0.7407 -0.8097 2.5109
0.7423 -0.8077 2.4700
0.7440 -0.8057 2.4269
0.7457 -0.8036 2.3816
0.7474 -0.8016 2.3341
0.7491 -0.7996 2.2844
0.7508 -0.7976 2.2324
0.7524 -0.7956 2.1783
0.7541 -0.7936 2.1220
0.7558 -0.7916 2.0634
0.7575 -0.7896 2.0027
0.7592 -0.7876 1.9398
0.7608 -0.7856 1.8746
0.7625 -0.7836 1.8072
0.7642 -0.7816 1.7377
0.7659 -0.7796 1.6659
0.7676 -0.7776 1.5919
0.7693 -0.7756 1.5157
0.7709 -0.7736 1.4373
0.7726 -0.7716 1.3567
0.7743 -0.7696 1.2739
0.7760 -0.7676 1.1889
0.7777 -0.7656 1.1017
0.7793 -0.7636 1.0122
0.7810 -0.7616 0.9206
0.7827 -0.7595 0.8268
0.7844 -0.7575 0.7307
0.7861 -0.7555 0.6325
0.7878 -0.7535 0.5320
0.7894 -0.7515 0.4293
0.7911 -0.7495 0.3245
0.7928 -0.7475 0.2174
0.7945 -0.7455 0.1081
0.7962 -0.7435 -0.0034
0.7978 -0.7415 -0.1171
0.7995 -0.7395 -0.2330
0.8012 -0.7375 -0.3511
0.8029 -0.7355 -0.4714
0.8046 -0.7335 -0.5940
0.8063 -0.7315 -0.7187
0.8079 -0.7295 -0.8456
0.8096 -0.7275 -0.9748
0.8113 -0.7255 -1.1061
0.8130 -0.7235 -1.2397
0.8147 -0.7215 -1.3755
0.8163 -0.7195 -1.5134
0.8180 -0.7175 -1.6536
0.8197 -0.7154 -1.7960
0.8214 -0.7134 -1.9406
0.8231 -0.7114 -2.0874
0.8248 -0.7094 -2.2364
0.8264 -0.7074 -2.3876
0.8281 -0.7054 -2.5410
0.8298 -0.7034 -2.6966
0.8315 -0.7014 -2.8545
0.8332 -0.6994 -3.0145
0.8348 -0.6974 -3.1768
0.8365 -0.6954 -3.3412
0.8382 -0.6934 -3.5079
0.8399 -0.6914 -3.6767
0.8416 -0.6894 -3.8478
0.8433 -0.6874 -4.0211
0.8449 -0.6854 -4.1965
0.8466 -0.6834 -4.3742
0.8483 -0.6814 -4.5541
0.8500 -0.6794 -4.7362
0.8517 -0.6774 -4.9205
0.8533 -0.6754 -5.1071
0.8550 -0.6734 -5.2958
0.8567 -0.6713 -5.4867
0.8584 -0.6693 -5.6798
0.8601 -0.6673 -5.8752
0.8618 -0.6653 -6.0727
0.8634 -0.6633 -6.2725
0.8651 -0.6613 -6.4744
0.8668 -0.6593 -6.6786
0.8685 -0.6573 -6.8850
0.8702 -0.6553 -7.0935
0.8718 -0.6533 -7.3043
0.8735 -0.6513 -7.5173
0.8752 -0.6493 -7.7325
0.8769 -0.6473 -7.9499
0.8786 -0.6453 -8.1695
0.8803 -0.6433 -8.3914
0.8819 -0.6413 -8.6154
0.8836 -0.6393 -8.8416
0.8853 -0.6373 -9.0701
0.8870 -0.6353 -9.3007
0.8887 -0.6333 -9.5335
0.8903 -0.6313 -9.7686
0.8920 -0.6293 -10.0059
0.8937 -0.6272 -10.2453
0.8954 -0.6252 -10.4870
0.8971 -0.6232 -10.7309
0.8988 -0.6212 -10.9770
0.9004 -0.6192 -11.2253
0.9021 -0.6172 -11.4758
0.9038 -0.6152 -11.7285
0.9055 -0.6132 -11.9834
0.9072 -0.6112 -12.2405
0.9089 -0.6092 -12.4999
0.9105 -0.6072 -12.7614
0.9122 -0.6052 -13.0251
0.9139 -0.6032 -13.2911
0.9156 -0.6012 -13.5592
0.9173 -0.5992 -13.8296
0.9189 -0.5972 -14.1022
0.9206 -0.5952 -14.3769
0.9223 -0.5932 -14.6539
0.9240 -0.5912 -14.9331
0.9257 -0.5892 -15.2145
0.9274 -0.5872 -15.4981
0.9290 -0.5852 -15.7839
0.9307 -0.5831 -16.0719
0.9324 -0.5811 -16.3621
0.9341 -0.5791 -16.6546
0.9358 -0.5771 -16.9492
0.9374 -0.5751 -17.2460
0.9391 -0.5731 -17.5451
0.9408 -0.5711 -17.8463
0.9425 -0.5691 -18.1498
0.9442 -0.5671 -18.4554
0.9459 -0.5651 -18.7633
0.9475 -0.5631 -19.0734
0.9492 -0.5611 -19.3857
0.9509 -0.5591 -19.7002
0.9526 -0.5571 -20.0169
0.9543 -0.5551 -20.3358
0.9559 -0.5531 -20.6569
0.9576 -0.5511 -20.9802
0.9593 -0.5491 -21.3057
0.9610 -0.5471 -21.6334
0.9627 -0.5451 -21.9634
0.9644 -0.5431 -22.2955
0.9660 -0.5411 -22.6299
0.9677 -0.5390 -22.9664
0.9694 -0.5370 -23.3052
0.9711 -0.5350 -23.6462
0.9728 -0.5330 -23.9893
0.9744 -0.5310 -24.3347
0.9761 -0.5290 -24.6823
0.9778 -0.5270 -25.0321
0.9795 -0.5250 -25.3841
0.9812 -0.5230 -25.7383
0.9829 -0.5210 -26.0947
0.9845 -0.5190 -26.4533
0.9862 -0.5170 -26.8142
0.9879 -0.5150 -27.1772
0.9896 -0.5130 -27.5424
0.9896 -0.5130 -27.5424
0.9896 -0.5130 -27.5424
0.9896 -0.5130 -27.5424
0.9896 -0.5130 -27.5424
0.9896 -0.5130 -27.5424
0.9896 -0.5130 -27.5424
0.9896 -0.5130 -27.5424
0.9896 -0.5130 -27.5424
0.9896 -0.5130 -27.5424
0.9896 -0.5130 -27.5424
0.9896 -0.5130 -27.5424
0.9896 -0.5130 -27.5424
0.9896 -0.5130 -27.5424
0.9896 -0.5130 -27.5424
0.9896 -0.5130 -27.5424
0.9896 -0.5130 -27.5424
0.9896 -0.5130 -27.5424
0.9896 -0.5130 -27.5424
0.9896 -0.5130 -27.5424
0.9896 -0.5130 -27.5424
0.9896 -0.5130 -27.5424
0.9896 -0.5130 -27.5424
0.9896 -0.5130 -27.5424
0.9896 -0.5130 -27.5424
0.9896 -0.5130 -27.5424
0.9896 -0.5130 -27.5424
0.9896 -0.5130 -27.5424
0.9896 -0.5130 -27.5424
0.9896 -0.5130 -27.5424
0.9896 -0.5130 -27.5424
0.9896 -0.5130 -27.5424
0.9896 -0.5130 -27.5424
0.9896 -0.5130 -27.5424
0.9896 -0.5130 -27.5424
0.9896 -0.5130 -27.5424
0.9896 -0.5130 -27.5424
0.9896 -0.5130 -27.5424
0.9896 -0.5130 -27.5424
0.9896 -0.5130 -27.5424
0.9896 -0.5130 -27.5424
0.9896 -0.5130 -27.5424
0.9896 -0.5130 -27.5424
0.9896 -0.5130 -27.5424
0.9896 -0.5130 -27.5424
0.9896 -0.5130 -27.5424
0.9896 -0.5130 -27.5424
0.9896 -0.5130 -27.5424
0.9896 -0.5130 -27.5424
0.9896 -0.5130 -27.5424
0.9896 -0.5130 -27.5424
