0.4197 -1.0349 -0.1945
0.4197 -1.0219 -0.1217
0.4197 -1.0089 -0.0512
0.4197 -0.9958 0.0172
0.4197 -0.9828 0.0833
0.4197 -0.9698 0.1472
0.4197 -0.9568 0.2089
0.4197 -0.9438 0.2685
0.4197 -0.9307 0.3258
0.4197 -0.9177 0.3809
0.4197 -0.9047 0.4338
0.4197 -0.8917 0.4845
0.4197 -0.8786 0.5330
0.4197 -0.8656 0.5792
0.4197 -0.8526 0.6233
0.4197 -0.8396 0.6652
0.4197 -0.8266 0.7048
0.4197 -0.8135 0.7423
0.4197 -0.8005 0.7775
0.4197 -0.7875 0.8106
0.4197 -0.7745 0.8414
0.4197 -0.7615 0.8701
0.4197 -0.7484 0.8965
0.4197 -0.7354 0.9207
0.4197 -0.7224 0.9427
0.4197 -0.7094 0.9625
0.4197 -0.6964 0.9801
0.4197 -0.6833 0.9955
0.4197 -0.6703 1.0087
0.4197 -0.6573 1.0196
0.4197 -0.6443 1.0284
0.4197 -0.6313 1.0350
0.4197 -0.6182 1.0393
0.4197 -0.6052 1.0415
0.4197 -0.5922 1.0414
0.4197 -0.5792 1.0392
0.4197 -0.5661 1.0347
0.4197 -0.5531 1.0280
0.4197 -0.5401 1.0191
0.4197 -0.5271 1.0080
0.4197 -0.5141 0.9948
0.4197 -0.5010 0.9793
0.4197 -0.4880 0.9615
0.4197 -0.4750 0.9416
0.4197 -0.4620 0.9195
0.4197 -0.4490 0.8952
0.4197 -0.4359 0.8686
0.4197 -0.4229 0.8399
0.4197 -0.4099 0.8090
0.4197 -0.3969 0.7758
0.4197 -0.3839 0.7404
0.4197 -0.3708 0.7029
0.4197 -0.3578 0.6631
0.4197 -0.3448 0.6211
0.4197 -0.3318 0.5769
0.4197 -0.3187 0.5305
0.4197 -0.3057 0.4820
0.4197 -0.2927 0.4311
0.4197 -0.2797 0.3781
0.4197 -0.2667 0.3229
0.4197 -0.2536 0.2655
0.4197 -0.2406 0.2059
0.4197 -0.2276 0.1440
0.4197 -0.2146 0.0800
0.4197 -0.2016 0.0137
0.4197 -0.1885 -0.0547
0.4197 -0.1755 -0.1254
0.4197 -0.1625 -0.1983
0.4197 -0.1495 -0.2733
0.4197 -0.1365 -0.3506
0.4197 -0.1234 -0.4301
0.4197 -0.1104 -0.5118
0.4197 -0.0974 -0.5957
0.4197 -0.0844 -0.6818
0.4197 -0.0714 -0.7701
0.4197 -0.0583 -0.8607
0.4197 -0.0453 -0.9534
0.4197 -0.0323 -1.0483
0.4197 -0.0193 -1.1455
0.4197 -0.0062 -1.2448
0.4197 0.0068 -1.3464
0.4197 0.0198 -1.4501
0.4197 0.0328 -1.5561
0.4197 0.0458 -1.6643
0.4197 0.0589 -1.7747
0.4197 0.0719 -1.8872
0.4197 0.0849 -2.0020
0.4197 0.0979 -2.1190
0.4197 0.1109 -2.2382
0.4197 0.1240 -2.3596
0.4197 0.1370 -2.4833
0.4197 0.1500 -2.6091
0.4197 0.1630 -2.7371
0.4197 0.1760 -2.8674
0.4197 0.1891 -2.9998
0.4197 0.2021 -3.1345
0.4197 0.2151 -3.2713
0.4197 0.2281 -3.4104
0.4197 0.2411 -3.5517
0.4197 0.2542 -3.6951
0.4197 0.2672 -3.8408
0.4197 0.2802 -3.9887
0.4197 0.2932 -4.1388
0.4197 0.3063 -4.2911
0.4197 0.3193 -4.4456
0.4197 0.3323 -4.6023
0.4197 0.3453 -4.7613
0.4197 0.3583 -4.9224
0.4197 0.3714 -5.0857
0.4197 0.3844 -5.2513
0.4197 0.3974 -5.4190
0.4197 0.4104 -5.5890
0.4197 0.4234 -5.7611
0.4197 0.4365 -5.9355
0.4197 0.4495 -6.1121
0.4197 0.4625 -6.2909
0.4197 0.4755 -6.4718
0.4197 0.4885 -6.6550
0.4197 0.5016 -6.8404
0.4197 0.5146 -7.0281
0.4197 0.5276 -7.2179
0.4197 0.5406 -7.4099
0.4197 0.5537 -7.6041
0.4197 0.5667 -7.8005
0.4197 0.5797 -7.9992
0.4197 0.5927 -8.2000
0.4197 0.6057 -8.4031
0.4197 0.6188 -8.6083
0.4197 0.6318 -8.8158
0.4197 0.6448 -9.0255
0.4197 0.6578 -9.2374
0.4197 0.6708 -9.4514
0.4197 0.6839 -9.6677
0.4197 0.6969 -9.8862
0.4197 0.7099 -10.1069
0.4197 0.7229 -10.3299
0.4197 0.7359 -10.5550
0.4197 0.7490 -10.7823
0.4197 0.7620 -11.0118
0.4197 0.7750 -11.2436
0.4197 0.7880 -11.4775
0.4197 0.8010 -11.7137
0.4197 0.8141 -11.9520
0.4197 0.8271 -12.1926
0.4197 0.8401 -12.4353
0.4197 0.8531 -12.6803
0.4197 0.8662 -12.9275
0.4197 0.8792 -13.1769
0.4197 0.8922 -13.4285
0.4197 0.9052 -13.6823
0.4197 0.9182 -13.9383
0.4197 0.9313 -14.1965
0.4197 0.9443 -14.4569
0.4197 0.9573 -14.7196
0.4197 0.9703 -14.9844
0.4197 0.9833 -15.2514
0.4197 0.9964 -15.5207
0.4197 1.0094 -15.7921
0.4197 1.0224 -16.0658
0.4197 1.0354 -16.3417
0.4197 1.0484 -16.6197
0.4197 1.0615 -16.9000
0.4197 1.0745 -17.1825
0.4197 1.0875 -17.4672
0.4197 1.1005 -17.7541
0.4197 1.1136 -18.0432
0.4197 1.1266 -18.3345
0.4197 1.1396 -18.6280
0.4197 1.1526 -18.9238
0.4197 1.1656 -19.2217
0.4197 1.1787 -19.5218
0.4197 1.1917 -19.8242
0.4197 1.2047 -20.1287
0.4197 1.2177 -20.4355
0.4197 1.2307 -20.7444
0.4197 1.2438 -21.0556
0.4197 1.2568 -21.3690
0.4197 1.2698 -21.6846
0.4197 1.2828 -22.0024
0.4197 1.2958 -22.3224
0.4197 1.3089 -22.6446
0.4197 1.3219 -22.9690
0.4197 1.3349 -23.2956
0.4197 1.3479 -23.6244
0.4197 1.3609 -23.9554
0.4197 1.3740 -24.2887
0.4197 1.3870 -24.6241
0.4197 1.4000 -24.9618
0.4197 1.4130 -25.3016
0.4197 1.4261 -25.6437
0.4197 1.4391 -25.9880
0.4197 1.4521 -26.3344
0.4197 1.4651 -26.6831
0.4197 1.4781 -27.0340
0.4197 1.4912 -27.3871
0.4197 1.5042 -27.7424
0.4197 1.5172 -28.0999
0.4197 1.5302 -28.4596
0.4197 1.5432 -28.8215
0.4197 1.5563 -29.1857
0.4197 1.5693 -29.5520
0.4197 1.5693 -29.5520
0.4197 1.5693 -29.5520
0.4197 1.5693 -29.5520
0.4197 1.5693 -29.5520
0.4197 1.5693 -29.5520
0.4197 1.5693 -29.5520
0.4197 1.5693 -29.5520
0.4197 1.5693 -29.5520
0.4197 1.5693 -29.5520
0.4197 1.5693 -29.5520
0.4197 1.5693 -29.5520
0.4197 1.5693 -29.5520
0.4197 1.5693 -29.5520
0.4197 1.5693 -29.5520
0.4197 1.5693 -29.5520
0.4197 1.5693 -29.5520
0.4197 1.5693 -29.5520
0.4197 1.5693 -29.5520
0.4197 1.5693 -29.5520
0.4197 1.5693 -29.5520
0.4197 1.5693 -29.5520
0.4197 1.5693 -29.5520
0.4197 1.5693 -29.5520
0.4197 1.5693 -29.5520
0.4197 1.5693 -29.5520
0.4197 1.5693 -29.5520
0.4197 1.5693 -29.5520
0.4197 1.5693 -29.5520
0.4197 1.5693 -29.5520
0.4197 1.5693 -29.5520
0.4197 1.5693 -29.5520
0.4197 1.5693 -29.5520
0.4197 1.5693 -29.5520
0.4197 1.5693 -29.5520
0.4197 1.5693 -29.5520
0.4197 1.5693 -29.5520
0.4197 1.5693 -29.5520
0.4197 1.5693 -29.5520
0.4197 1.5693 -29.5520
0.4197 1.5693 -29.5520
0.4197 1.5693 -29.5520
0.4197 1.5693 -29.5520
0.4197 1.5693 -29.5520
0.4197 1.5693 -29.5520
0.4197 1.5693 -29.5520
0.4197 1.5693 -29.5520
0.4197 1.5693 -29.5520
0.4197 1.5693 -29.5520
0.4197 1.5693 -29.5520
0.4197 1.5693 -29.5520
