-1.0393 3.0372 0.1466
-1.0138 2.9826 0.2315
-0.9884 2.9280 0.3142
-0.9629 2.8734 0.3947
-0.9375 2.8189 0.4730
-0.9120 2.7643 0.5491
-0.8866 2.7097 0.6229
-0.8611 2.6551 0.6946
-0.8357 2.6005 0.7641
-0.8102 2.5459 0.8313
-0.7848 2.4913 0.8964
-0.7593 2.4368 0.9592
-0.7339 2.3822 1.0198
-0.7084 2.3276 1.0783
-0.6830 2.2730 1.1345
-0.6575 2.2184 1.1885
-0.6321 2.1638 1.2403
-0.6066 2.1092 1.2899
-0.5812 2.0546 1.3373
-0.5557 2.0001 1.3825
-0.5303 1.9455 1.4255
-0.5048 1.8909 1.4663
-0.4794 1.8363 1.5048
-0.4539 1.7817 1.5412
-0.4285 1.7271 1.5754
-0.4030 1.6725 1.6073
-0.3776 1.6180 1.6370
-0.3521 1.5634 1.6646
-0.3267 1.5088 1.6899
-0.3012 1.4542 1.7130
-0.2758 1.3996 1.7340
-0.2503 1.3450 1.7527
-0.2249 1.2904 1.7692
-0.1994 1.2359 1.7835
-0.1740 1.1813 1.7956
-0.1485 1.1267 1.8054
-0.1231 1.0721 1.8131
-0.0976 1.0175 1.8186
-0.0721 0.9629 1.8219
-0.0467 0.9083 1.8229
-0.0212 0.8537 1.8218
0.0042 0.7992 1.8184
0.0297 0.7446 1.8129
0.0551 0.6900 1.8051
0.0806 0.6354 1.7951
0.1060 0.5808 1.7829
0.1315 0.5262 1.7686
0.1569 0.4716 1.7520
0.1824 0.4171 1.7332
0.2078 0.3625 1.7122
0.2333 0.3079 1.6889
0.2587 0.2533 1.6635
0.2842 0.1987 1.6359
0.3096 0.1441 1.6061
0.3351 0.0895 1.5740
0.3605 0.0350 1.5398
0.3860 -0.0196 1.5033
0.4114 -0.0742 1.4647
0.4369 -0.1288 1.4238
0.4623 -0.1834 1.3807
0.4878 -0.2380 1.3355
0.5132 -0.2926 1.2880
0.5387 -0.3472 1.2383
0.5641 -0.4017 1.1864
0.5896 -0.4563 1.1323
0.6150 -0.5109 1.0760
0.6405 -0.5655 1.0175
0.6659 -0.6201 0.9568
0.6914 -0.6747 0.8938
0.7168 -0.7293 0.8287
0.7423 -0.7838 0.7613
0.7677 -0.8384 0.6918
0.7932 -0.8930 0.6200
0.8187 -0.9476 0.5461
0.8441 -1.0022 0.4699
0.8696 -1.0568 0.3915
0.8950 -1.1114 0.3110
0.9205 -1.1659 0.2282
0.9459 -1.2205 0.1432
0.9714 -1.2751 0.0560
0.9968 -1.3297 -0.0334
1.0223 -1.3843 -0.1250
1.0477 -1.4389 -0.2189
1.0732 -1.4935 -0.3149
1.0986 -1.5480 -0.4131
1.1241 -1.6026 -0.5136
1.1495 -1.6572 -0.6162
1.1750 -1.7118 -0.7211
1.2004 -1.7664 -0.8281
1.2259 -1.8210 -0.9374
1.2513 -1.8756 -1.0488
1.2768 -1.9302 -1.1625
1.3022 -1.9847 -1.2784
1.3277 -2.0393 -1.3965
1.3531 -2.0939 -1.5168
1.3786 -2.1485 -1.6393
1.4040 -2.2031 -1.7640
1.4295 -2.2577 -1.8909
1.4549 -2.3123 -2.0200
1.4804 -2.3668 -2.1514
1.5058 -2.4214 -2.2849
1.5313 -2.4760 -2.4207
1.5567 -2.5306 -2.5586
1.5822 -2.5852 -2.6988
1.6076 -2.6398 -2.8411
1.6331 -2.6944 -2.9857
1.6585 -2.7489 -3.1325
1.6840 -2.8035 -3.2815
1.7094 -2.8581 -3.4326
1.7349 -2.9127 -3.5860
1.7604 -2.9673 -3.7416
1.7858 -3.0219 -3.8994
1.8113 -3.0765 -4.0595
1.8367 -3.1311 -4.2217
1.8622 -3.1856 -4.3861
1.8876 -3.2402 -4.5527
1.9131 -3.2948 -4.7216
1.9385 -3.3494 -4.8926
1.9640 -3.4040 -5.0659
1.9894 -3.4586 -5.2413
2.0149 -3.5132 -5.4190
2.0403 -3.5677 -5.5989
2.0658 -3.6223 -5.7810
2.0912 -3.6769 -5.9652
2.1167 -3.7315 -6.1517
2.1421 -3.7861 -6.3404
2.1676 -3.8407 -6.5313
2.1930 -3.8953 -6.7244
2.2185 -3.9498 -6.9198
2.2439 -4.0044 -7.1173
2.2694 -4.0590 -7.3170
2.2948 -4.1136 -7.5190
2.3203 -4.1682 -7.7231
2.3457 -4.2228 -7.9294
2.3712 -4.2774 -8.1380
2.3966 -4.3319 -8.3488
2.4221 -4.3865 -8.5617
2.4475 -4.4411 -8.7769
2.4730 -4.4957 -8.9943
2.4984 -4.5503 -9.2139
2.5239 -4.6049 -9.4357
2.5493 -4.6595 -9.6597
2.5748 -4.7141 -9.8859
2.6002 -4.7686 -10.1143
2.6257 -4.8232 -10.3449
2.6511 -4.8778 -10.5778
2.6766 -4.9324 -10.8128
2.7021 -4.9870 -11.0500
2.7275 -5.0416 -11.2895
2.7530 -5.0962 -11.5311
2.7784 -5.1507 -11.7750
2.8039 -5.2053 -12.0211
2.8293 -5.2599 -12.2693
2.8548 -5.3145 -12.5198
2.8802 -5.3691 -12.7725
2.9057 -5.4237 -13.0274
2.9311 -5.4783 -13.2845
2.9566 -5.5328 -13.5438
2.9820 -5.5874 -13.8053
3.0075 -5.6420 -14.0690
3.0329 -5.6966 -14.3350
3.0584 -5.7512 -14.6031
3.0838 -5.8058 -14.8734
3.1093 -5.8604 -15.1460
3.1347 -5.9150 -15.4207
3.1602 -5.9695 -15.6977
3.1856 -6.0241 -15.9768
3.2111 -6.0787 -16.2582
3.2365 -6.1333 -16.5418
3.2620 -6.1879 -16.8276
3.2874 -6.2425 -17.1156
3.3129 -6.2971 -17.4058
3.3383 -6.3516 -17.6982
3.3638 -6.4062 -17.9928
3.3892 -6.4608 -18.2896
3.4147 -6.5154 -18.5886
3.4401 -6.5700 -18.8898
3.4656 -6.6246 -19.1933
3.4910 -6.6792 -19.4989
3.5165 -6.7337 -19.8068
3.5419 -6.7883 -20.1168
3.5674 -6.8429 -20.4291
3.5928 -6.8975 -20.7435
3.6183 -6.9521 -21.0602
3.6438 -7.0067 -21.3791
3.6692 -7.0613 -21.7002
3.6947 -7.1159 -22.0235
3.7201 -7.1704 -22.3490
3.7456 -7.2250 -22.6767
3.7710 -7.2796 -23.0066
3.7965 -7.3342 -23.3387
3.8219 -7.3888 -23.6731
3.8474 -7.4434 -24.0096
3.8728 -7.4980 -24.3483
3.8983 -7.5525 -24.6893
3.9237 -7.6071 -25.0324
3.9492 -7.6617 -25.3778
3.9746 -7.7163 -25.7253
4.0001 -7.7709 -26.0751
4.0255 -7.8255 -26.4271
4.0510 -7.8801 -26.7813
4.0510 -7.8801 -26.7813
4.0510 -7.8801 -26.7813
4.0510 -7.8801 -26.7813
4.0510 -7.8801 -26.7813
4.0510 -7.8801 -26.7813
4.0510 -7.8801 -26.7813
4.0510 -7.8801 -26.7813
4.0510 -7.8801 -26.7813
4.0510 -7.8801 -26.7813
4.0510 -7.8801 -26.7813
4.0510 -7.8801 -26.7813
4.0510 -7.8801 -26.7813
4.0510 -7.8801 -26.7813
4.0510 -7.8801 -26.7813
4.0510 -7.8801 -26.7813
4.0510 -7.8801 -26.7813
4.0510 -7.8801 -26.7813
4.0510 -7.8801 -26.7813
4.0510 -7.8801 -26.7813
4.0510 -7.8801 -26.7813
4.0510 -7.8801 -26.7813
4.0510 -7.8801 -26.7813
4.0510 -7.8801 -26.7813
4.0510 -7.8801 -26.7813
4.0510 -7.8801 -26.7813
4.0510 -7.8801 -26.7813
4.0510 -7.8801 -26.7813
4.0510 -7.8801 -26.7813
4.0510 -7.8801 -26.7813
4.0510 -7.8801 -26.7813
4.0510 -7.8801 -26.7813
4.0510 -7.8801 -26.7813
4.0510 -7.8801 -26.7813
4.0510 -7.8801 -26.7813
4.0510 -7.8801 -26.7813
4.0510 -7.8801 -26.7813
4.0510 -7.8801 -26.7813
4.0510 -7.8801 -26.7813
4.0510 -7.8801 -26.7813
4.0510 -7.8801 -26.7813
4.0510 -7.8801 -26.7813
4.0510 -7.8801 -26.7813
4.0510 -7.8801 -26.7813
4.0510 -7.8801 -26.7813
4.0510 -7.8801 -26.7813
4.0510 -7.8801 -26.7813
4.0510 -7.8801 -26.7813
4.0510 -7.8801 -26.7813
4.0510 -7.8801 -26.7813
4.0510 -7.8801 -26.7813
