0.0000 0.0000 0.4000 1.0000 0.0000 0.0000 0.0000 0.0000 0.0000 0.0000 0.0000 0.0000 0.0000 11.1504 15.8608 19.6342 14.6870 0.0000 0.0000 0.0000
0.0000 -0.0000 0.4000 0.9999 0.0096 0.0126 -0.0009 0.0013 -0.0010 -0.0027 2.5612 3.3719 -0.2332 17.0732 16.0763 14.8031 16.3556 0.0000 0.0000 0.0000
0.0001 -0.0001 0.4000 0.9991 0.0261 0.0344 -0.0023 0.0084 -0.0063 0.0039 1.8469 2.4435 -0.1492 17.4237 17.3418 17.2769 17.3472 0.0000 0.0000 0.0000
0.0003 -0.0002 0.4002 0.9978 0.0398 0.0525 -0.0034 0.0205 -0.0154 0.0363 1.7942 2.3813 -0.1515 18.7423 18.4205 18.1620 18.4881 0.0000 0.0000 0.0000
0.0008 -0.0006 0.4011 0.9962 0.0524 0.0693 -0.0046 0.0364 -0.0272 0.0937 1.5822 2.1076 -0.1515 19.5483 19.2776 19.0617 19.3359 0.0000 0.0000 0.0000
0.0018 -0.0014 0.4029 0.9944 0.0635 0.0841 -0.0057 0.0551 -0.0410 0.1717 1.3969 1.8667 -0.1514 20.1186 19.8404 19.6224 19.9035 0.0000 0.0000 0.0000
0.0033 -0.0026 0.4058 0.9926 0.0732 0.0971 -0.0068 0.0762 -0.0565 0.2644 1.2036 1.6127 -0.1515 20.3895 20.1225 19.9159 20.1858 0.0000 0.0000 0.0000
0.0056 -0.0042 0.4100 0.9908 0.0814 0.1082 -0.0079 0.0995 -0.0734 0.3652 1.0176 1.3655 -0.1514 20.4118 20.1558 19.9604 20.2190 0.0000 0.0000 0.0000
0.0086 -0.0065 0.4154 0.9891 0.0882 0.1175 -0.0090 0.1251 -0.0918 0.4680 0.8411 1.1284 -0.1514 20.2342 19.9921 19.8098 20.0543 0.0000 0.0000 0.0000
0.0124 -0.0094 0.4220 0.9876 0.0938 0.1251 -0.0102 0.1530 -0.1118 0.5679 0.6776 0.9061 -0.1514 19.9141 19.6869 19.5181 19.7475 0.0000 0.0000 0.0000
0.0170 -0.0130 0.4298 0.9864 0.0982 0.1311 -0.0113 0.1834 -0.1334 0.6612 0.5284 0.7009 -0.1513 19.5026 19.2908 19.1355 19.3494 0.0000 0.0000 0.0000
0.0226 -0.0172 0.4385 0.9855 0.1015 0.1357 -0.0124 0.2165 -0.1566 0.7456 0.3938 0.5135 -0.1512 19.0415 18.8451 18.7030 18.9014 0.0000 0.0000 0.0000
0.0290 -0.0221 0.4481 0.9848 0.1038 0.1389 -0.0135 0.2520 -0.1814 0.8200 0.2734 0.3438 -0.1511 18.5622 18.3808 18.2512 18.4347 0.0000 0.0000 0.0000
0.0362 -0.0277 0.4584 0.9843 0.1053 0.1410 -0.0147 0.2901 -0.2077 0.8839 0.1663 0.1909 -0.1510 18.0868 17.9198 17.8020 17.9712 0.0000 0.0000 0.0000
0.0442 -0.0338 0.4692 0.9840 0.1061 0.1420 -0.0158 0.3304 -0.2354 0.9372 0.0713 0.0538 -0.1507 17.6298 17.4766 17.3699 17.5255 0.0000 0.0000 0.0000
0.0530 -0.0405 0.4804 0.9840 0.1061 0.1421 -0.0170 0.3727 -0.2642 0.9804 -0.0126 -0.0690 -0.1505 17.2004 17.0603 16.9639 17.1066 0.0000 0.0000 0.0000
0.0625 -0.0479 0.4919 0.9842 0.1056 0.1413 -0.0181 0.4168 -0.2940 1.0140 -0.0865 -0.1787 -0.1502 16.8036 16.6759 16.5890 16.7196 0.0000 0.0000 0.0000
0.0727 -0.0557 0.5036 0.9845 0.1045 0.1397 -0.0193 0.4622 -0.3245 1.0386 -0.1516 -0.2765 -0.1497 16.4418 16.3259 16.2477 16.3670 0.0000 0.0000 0.0000
0.0836 -0.0641 0.5153 0.9849 0.1030 0.1375 -0.0204 0.5088 -0.3555 1.0550 -0.2088 -0.3636 -0.1493 16.1156 16.0108 15.9407 16.0493 0.0000 0.0000 0.0000
0.0951 -0.0729 0.5270 0.9855 0.1010 0.1347 -0.0216 0.5561 -0.3868 1.0637 -0.2589 -0.4410 -0.1487 15.8244 15.7301 15.6675 15.7662 0.0000 0.0000 0.0000
0.1072 -0.0822 0.5386 0.9861 0.0987 0.1313 -0.0228 0.6039 -0.4181 1.0655 -0.3027 -0.5096 -0.1480 15.5670 15.4827 15.4269 15.5163 0.0000 0.0000 0.0000
0.1198 -0.0919 0.5501 0.9869 0.0961 0.1275 -0.0240 0.6517 -0.4492 1.0608 -0.3409 -0.5703 -0.1471 15.3417 15.2668 15.2173 15.2980 0.0000 0.0000 0.0000
0.1330 -0.1021 0.5613 0.9877 0.0932 0.1232 -0.0251 0.6993 -0.4800 1.0504 -0.3739 -0.6239 -0.1462 15.1468 15.0808 15.0370 15.1097 0.0000 0.0000 0.0000
0.1466 -0.1126 0.5723 0.9885 0.0901 0.1186 -0.0263 0.7463 -0.5102 1.0348 -0.4025 -0.6710 -0.1451 14.9803 14.9227 14.8841 14.9493 0.0000 0.0000 0.0000
0.1607 -0.1235 0.5830 0.9893 0.0867 0.1137 -0.0275 0.7926 -0.5397 1.0145 -0.4269 -0.7121 -0.1439 14.8404 14.7907 14.7568 14.8150 0.0000 0.0000 0.0000
0.1752 -0.1348 0.5933 0.9902 0.0832 0.1084 -0.0286 0.8378 -0.5684 0.9901 -0.4477 -0.7479 -0.1426 14.7252 14.6828 14.6533 14.7051 0.0000 0.0000 0.0000
0.1901 -0.1463 0.6033 0.9911 0.0796 0.1030 -0.0298 0.8817 -0.5960 0.9619 -0.4652 -0.7787 -0.1411 14.6330 14.5976 14.5719 14.6177 0.0000 0.0000 0.0000
0.2054 -0.1582 0.6130 0.9919 0.0758 0.0973 -0.0309 0.9241 -0.6226 0.9306 -0.4797 -0.8051 -0.1394 14.5622 14.5332 14.5111 14.5514 0.0000 0.0000 0.0000
0.2211 -0.1704 0.6222 0.9927 0.0719 0.0914 -0.0321 0.9649 -0.6480 0.8964 -0.4915 -0.8274 -0.1376 14.5112 14.4883 14.4694 14.5045 0.0000 0.0000 0.0000
0.2371 -0.1829 0.6311 0.9935 0.0679 0.0853 -0.0332 1.0037 -0.6721 0.8599 -0.5009 -0.8460 -0.1357 14.4787 14.4615 14.4454 14.4758 0.0000 0.0000 0.0000
0.2534 -0.1956 0.6396 0.9942 0.0638 0.0792 -0.0343 1.0406 -0.6948 0.8214 -0.5081 -0.8611 -0.1336 14.4634 14.4515 14.4379 14.4640 0.0000 0.0000 0.0000
0.2700 -0.2086 0.6476 0.9949 0.0597 0.0729 -0.0354 1.0753 -0.7161 0.7814 -0.5134 -0.8730 -0.1314 14.4642 14.4571 14.4459 14.4679 0.0000 0.0000 0.0000
0.2868 -0.2218 0.6553 0.9956 0.0555 0.0665 -0.0365 1.1078 -0.7360 0.7403 -0.5168 -0.8820 -0.1290 14.4799 14.4775 14.4683 14.4865 0.0000 0.0000 0.0000
0.3039 -0.2352 0.6627 0.9962 0.0514 0.0601 -0.0376 1.1379 -0.7544 0.6984 -0.5186 -0.8883 -0.1265 14.5097 14.5116 14.5042 14.5189 0.0000 0.0000 0.0000
0.3212 -0.2488 0.6696 0.9967 0.0472 0.0537 -0.0386 1.1656 -0.7713 0.6561 -0.5189 -0.8919 -0.1239 14.5528 14.5587 14.5530 14.5644 0.0000 0.0000 0.0000
0.3387 -0.2626 0.6762 0.9972 0.0430 0.0472 -0.0396 1.1908 -0.7867 0.6137 -0.5179 -0.8932 -0.1211 14.6085 14.6182 14.6140 14.6222 0.0000 0.0000 0.0000
0.3564 -0.2766 0.6824 0.9976 0.0388 0.0407 -0.0406 1.2136 -0.8006 0.5717 -0.5156 -0.8922 -0.1183 14.6762 14.6895 14.6868 14.6918 0.0000 0.0000 0.0000
0.3742 -0.2907 0.6884 0.9979 0.0347 0.0342 -0.0416 1.2338 -0.8131 0.5302 -0.5122 -0.8889 -0.1153 14.7556 14.7724 14.7709 14.7729 0.0000 0.0000 0.0000
0.3921 -0.3050 0.6940 0.9982 0.0305 0.0278 -0.0426 1.2515 -0.8241 0.4898 -0.5077 -0.8835 -0.1123 14.8464 14.8664 14.8661 14.8653 0.0000 0.0000 0.0000
0.4101 -0.3193 0.6994 0.9985 0.0265 0.0214 -0.0435 1.2666 -0.8336 0.4508 -0.5022 -0.8760 -0.1091 14.9485 14.9717 14.9725 14.9688 0.0000 0.0000 0.0000
0.4283 -0.3338 0.7046 0.9986 0.0224 0.0150 -0.0444 1.2793 -0.8417 0.4134 -0.4959 -0.8664 -0.1059 15.0619 15.0882 15.0901 15.0835 0.0000 0.0000 0.0000
0.4464 -0.3484 0.7095 0.9988 0.0184 0.0088 -0.0453 1.2895 -0.8485 0.3780 -0.4886 -0.8547 -0.1027 15.1870 15.2164 15.2192 15.2097 0.0000 0.0000 0.0000
0.4646 -0.3631 0.7142 0.9988 0.0145 0.0026 -0.0461 1.2973 -0.8539 0.3450 -0.4805 -0.8408 -0.0994 15.3242 15.3566 15.3605 15.3479 0.0000 0.0000 0.0000
0.4829 -0.3778 0.7189 0.9988 0.0107 -0.0035 -0.0469 1.3027 -0.8580 0.3148 -0.4716 -0.8248 -0.0961 15.4743 15.5097 15.5146 15.4989 0.0000 0.0000 0.0000
0.5011 -0.3925 0.7234 0.9988 0.0069 -0.0094 -0.0477 1.3058 -0.8610 0.2877 -0.4619 -0.8064 -0.0927 15.6382 15.6768 15.6826 15.6637 0.0000 0.0000 0.0000
0.5192 -0.4073 0.7278 0.9987 0.0032 -0.0152 -0.0484 1.3067 -0.8627 0.2642 -0.4513 -0.7856 -0.0893 15.8174 15.8592 15.8660 15.8437 0.0000 0.0000 0.0000
0.5373 -0.4221 0.7323 0.9986 -0.0004 -0.0208 -0.0492 1.3055 -0.8634 0.2446 -0.4399 -0.7622 -0.0860 16.0136 16.0586 16.0666 16.0407 0.0000 0.0000 0.0000
0.5553 -0.4369 0.7368 0.9984 -0.0039 -0.0263 -0.0499 1.3023 -0.8630 0.2295 -0.4277 -0.7361 -0.0826 16.2291 16.2776 16.2866 16.2570 0.0000 0.0000 0.0000
0.5732 -0.4517 0.7414 0.9982 -0.0074 -0.0315 -0.0505 1.2972 -0.8616 0.2195 -0.4146 -0.7070 -0.0792 16.3833 16.4347 16.4447 16.4119 0.0000 0.0000 0.0000
0.5909 -0.4664 0.7462 0.9980 -0.0106 -0.0365 -0.0512 1.2904 -0.8592 0.2133 -0.4006 -0.6753 -0.0759 16.3868 16.4391 16.4498 16.4160 0.0000 0.0000 0.0000
0.6085 -0.4811 0.7511 0.9977 -0.0138 -0.0413 -0.0518 1.2818 -0.8561 0.2083 -0.3862 -0.6430 -0.0726 16.3160 16.3680 16.3791 16.3454 0.0000 0.0000 0.0000
0.6258 -0.4957 0.7562 0.9974 -0.0169 -0.0459 -0.0524 1.2716 -0.8520 0.2030 -0.3715 -0.6109 -0.0693 16.2517 16.3034 16.3149 16.2813 0.0000 0.0000 0.0000
0.6430 -0.5102 0.7615 0.9971 -0.0198 -0.0502 -0.0529 1.2598 -0.8472 0.1975 -0.3566 -0.5791 -0.0661 16.1932 16.2445 16.2563 16.2229 0.0000 0.0000 0.0000
0.6599 -0.5246 0.7668 0.9968 -0.0226 -0.0543 -0.0534 1.2466 -0.8416 0.1920 -0.3417 -0.5477 -0.0629 16.1394 16.1904 16.2024 16.1691 0.0000 0.0000 0.0000
0.6766 -0.5389 0.7723 0.9965 -0.0253 -0.0581 -0.0539 1.2320 -0.8353 0.1865 -0.3266 -0.5165 -0.0598 16.0898 16.1403 16.1526 16.1194 0.0000 0.0000 0.0000
0.6930 -0.5530 0.7779 0.9962 -0.0279 -0.0618 -0.0544 1.2162 -0.8282 0.1811 -0.3115 -0.4858 -0.0568 16.0437 16.0936 16.1061 16.0732 0.0000 0.0000 0.0000
0.7091 -0.5670 0.7835 0.9959 -0.0303 -0.0652 -0.0549 1.1990 -0.8205 0.1760 -0.2964 -0.4553 -0.0538 16.0006 16.0500 16.0627 16.0299 0.0000 0.0000 0.0000
0.7250 -0.5809 0.7892 0.9956 -0.0326 -0.0684 -0.0553 1.1807 -0.8122 0.1710 -0.2813 -0.4253 -0.0509 15.9602 16.0090 16.0218 15.9892 0.0000 0.0000 0.0000
0.7405 -0.5945 0.7949 0.9953 -0.0348 -0.0713 -0.0557 1.1614 -0.8033 0.1663 -0.2663 -0.3956 -0.0481 15.9221 15.9703 15.9832 15.9508 0.0000 0.0000 0.0000
0.7558 -0.6080 0.8007 0.9950 -0.0369 -0.0741 -0.0561 1.1410 -0.7938 0.1619 -0.2513 -0.3663 -0.0453 15.8861 15.9336 15.9466 15.9144 0.0000 0.0000 0.0000
0.7707 -0.6214 0.8064 0.9947 -0.0388 -0.0766 -0.0565 1.1197 -0.7838 0.1579 -0.2365 -0.3374 -0.0427 15.8519 15.8987 15.9117 15.8798 0.0000 0.0000 0.0000
0.7853 -0.6345 0.8122 0.9944 -0.0406 -0.0789 -0.0568 1.0975 -0.7733 0.1541 -0.2218 -0.3089 -0.0401 15.8193 15.8655 15.8785 15.8468 0.0000 0.0000 0.0000
0.7995 -0.6474 0.8180 0.9942 -0.0423 -0.0810 -0.0571 1.0745 -0.7624 0.1506 -0.2073 -0.2808 -0.0376 15.7883 15.8337 15.8468 15.8153 0.0000 0.0000 0.0000
0.8134 -0.6602 0.8237 0.9939 -0.0439 -0.0830 -0.0575 1.0508 -0.7510 0.1474 -0.1930 -0.2531 -0.0352 15.7587 15.8034 15.8165 15.7852 0.0000 0.0000 0.0000
0.8269 -0.6727 0.8294 0.9937 -0.0454 -0.0847 -0.0577 1.0265 -0.7393 0.1445 -0.1789 -0.2258 -0.0329 15.7304 15.7744 15.7875 15.7564 0.0000 0.0000 0.0000
0.8401 -0.6850 0.8351 0.9935 -0.0468 -0.0862 -0.0580 1.0015 -0.7271 0.1418 -0.1650 -0.1988 -0.0306 15.7034 15.7467 15.7597 15.7288 0.0000 0.0000 0.0000
0.8529 -0.6970 0.8407 0.9933 -0.0480 -0.0875 -0.0583 0.9760 -0.7147 0.1394 -0.1514 -0.1723 -0.0285 15.6776 15.7202 15.7330 15.7024 0.0000 0.0000 0.0000
0.8654 -0.7089 0.8463 0.9931 -0.0491 -0.0886 -0.0585 0.9501 -0.7019 0.1373 -0.1380 -0.1461 -0.0265 15.6529 15.6948 15.7075 15.6771 0.0000 0.0000 0.0000
0.8775 -0.7205 0.8517 0.9930 -0.0501 -0.0896 -0.0587 0.9237 -0.6888 0.1354 -0.1249 -0.1203 -0.0245 15.6293 15.6705 15.6831 15.6528 0.0000 0.0000 0.0000
0.8892 -0.7318 0.8572 0.9929 -0.0511 -0.0903 -0.0590 0.8970 -0.6755 0.1336 -0.1120 -0.0949 -0.0227 15.6068 15.6472 15.6597 15.6297 0.0000 0.0000 0.0000
0.9005 -0.7429 0.8625 0.9927 -0.0519 -0.0909 -0.0592 0.8700 -0.6620 0.1320 -0.0995 -0.0698 -0.0209 15.5853 15.6251 15.6374 15.6075 0.0000 0.0000 0.0000
0.9114 -0.7538 0.8677 0.9927 -0.0526 -0.0913 -0.0594 0.8428 -0.6483 0.1306 -0.0873 -0.0451 -0.0192 15.5655 15.6040 15.6162 15.5869 0.0000 0.0000 0.0000
0.9220 -0.7644 0.8729 0.9926 -0.0532 -0.0915 -0.0595 0.8154 -0.6343 0.1292 -0.0754 -0.0211 -0.0176 15.5473 15.5840 15.5959 15.5680 0.0000 0.0000 0.0000
0.9322 -0.7748 0.8779 0.9926 -0.0537 -0.0916 -0.0597 0.7879 -0.6203 0.1280 -0.0638 0.0018 -0.0162 15.5300 15.5649 15.5767 15.5500 0.0000 0.0000 0.0000
0.9420 -0.7849 0.8829 0.9925 -0.0541 -0.0915 -0.0599 0.7603 -0.6061 0.1268 -0.0526 0.0236 -0.0147 15.5138 15.5470 15.5585 15.5331 0.0000 0.0000 0.0000
0.9515 -0.7948 0.8877 0.9925 -0.0544 -0.0912 -0.0600 0.7328 -0.5918 0.1256 -0.0417 0.0442 -0.0134 15.4988 15.5303 15.5415 15.5174 0.0000 0.0000 0.0000
0.9605 -0.8044 0.8924 0.9925 -0.0547 -0.0908 -0.0602 0.7052 -0.5774 0.1245 -0.0312 0.0639 -0.0122 15.4850 15.5149 15.5258 15.5029 0.0000 0.0000 0.0000
0.9692 -0.8137 0.8970 0.9926 -0.0548 -0.0902 -0.0603 0.6778 -0.5629 0.1233 -0.0211 0.0824 -0.0110 15.4726 15.5007 15.5114 15.4897 0.0000 0.0000 0.0000
0.9776 -0.8228 0.9014 0.9926 -0.0549 -0.0896 -0.0604 0.6505 -0.5484 0.1221 -0.0113 0.1000 -0.0099 15.4615 15.4880 15.4984 15.4779 0.0000 0.0000 0.0000
0.9855 -0.8317 0.9058 0.9927 -0.0549 -0.0887 -0.0605 0.6234 -0.5339 0.1208 -0.0019 0.1165 -0.0089 15.4518 15.4767 15.4867 15.4675 0.0000 0.0000 0.0000
0.9931 -0.8403 0.9100 0.9928 -0.0548 -0.0878 -0.0607 0.5964 -0.5194 0.1195 0.0072 0.1320 -0.0079 15.4434 15.4668 15.4765 15.4584 0.0000 0.0000 0.0000
1.0004 -0.8486 0.9140 0.9929 -0.0547 -0.0868 -0.0608 0.5698 -0.5049 0.1181 0.0159 0.1466 -0.0070 15.4365 15.4583 15.4677 15.4507 0.0000 0.0000 0.0000
1.0073 -0.8567 0.9180 0.9930 -0.0544 -0.0857 -0.0609 0.5434 -0.4904 0.1166 0.0242 0.1602 -0.0062 15.4309 15.4512 15.4603 15.4444 0.0000 0.0000 0.0000
1.0138 -0.8645 0.9218 0.9931 -0.0541 -0.0844 -0.0609 0.5173 -0.4759 0.1150 0.0321 0.1729 -0.0054 15.4267 15.4455 15.4542 15.4395 0.0000 0.0000 0.0000
1.0201 -0.8721 0.9255 0.9932 -0.0538 -0.0831 -0.0610 0.4916 -0.4616 0.1133 0.0397 0.1847 -0.0047 15.4237 15.4412 15.4495 15.4359 0.0000 0.0000 0.0000
1.0259 -0.8794 0.9290 0.9933 -0.0534 -0.0817 -0.0611 0.4662 -0.4473 0.1116 0.0469 0.1956 -0.0041 15.4221 15.4382 15.4462 15.4336 0.0000 0.0000 0.0000
1.0315 -0.8865 0.9324 0.9935 -0.0529 -0.0803 -0.0612 0.4413 -0.4331 0.1097 0.0537 0.2057 -0.0035 15.4217 15.4364 15.4440 15.4325 0.0000 0.0000 0.0000
1.0367 -0.8934 0.9357 0.9936 -0.0524 -0.0787 -0.0613 0.4168 -0.4190 0.1078 0.0602 0.2149 -0.0030 15.4224 15.4358 15.4431 15.4326 0.0000 0.0000 0.0000
1.0416 -0.9000 0.9388 0.9938 -0.0518 -0.0771 -0.0613 0.3927 -0.4051 0.1057 0.0663 0.2233 -0.0025 15.4243 15.4364 15.4433 15.4338 0.0000 0.0000 0.0000
1.0462 -0.9064 0.9418 0.9939 -0.0512 -0.0755 -0.0614 0.3691 -0.3913 0.1036 0.0720 0.2309 -0.0020 15.4272 15.4381 15.4446 15.4361 0.0000 0.0000 0.0000
1.0505 -0.9125 0.9447 0.9941 -0.0505 -0.0738 -0.0615 0.3461 -0.3776 0.1014 0.0774 0.2377 -0.0016 15.4311 15.4409 15.4470 15.4394 0.0000 0.0000 0.0000
1.0545 -0.9184 0.9474 0.9943 -0.0498 -0.0720 -0.0615 0.3235 -0.3641 0.0991 0.0825 0.2438 -0.0013 15.4359 15.4445 15.4503 15.4436 0.0000 0.0000 0.0000
1.0582 -0.9241 0.9500 0.9944 -0.0491 -0.0702 -0.0616 0.3014 -0.3508 0.0967 0.0872 0.2492 -0.0009 15.4416 15.4491 15.4545 15.4487 0.0000 0.0000 0.0000
1.0617 -0.9295 0.9525 0.9946 -0.0483 -0.0684 -0.0616 0.2799 -0.3377 0.0943 0.0916 0.2539 -0.0006 15.4480 15.4545 15.4595 15.4545 0.0000 0.0000 0.0000
1.0648 -0.9348 0.9549 0.9947 -0.0475 -0.0665 -0.0617 0.2590 -0.3248 0.0919 0.0956 0.2579 -0.0004 15.4552 15.4606 15.4653 15.4611 0.0000 0.0000 0.0000
1.0677 -0.9398 0.9572 0.9949 -0.0466 -0.0646 -0.0617 0.2386 -0.3121 0.0894 0.0994 0.2613 -0.0001 15.4629 15.4675 15.4717 15.4684 0.0000 0.0000 0.0000
1.0703 -0.9446 0.9593 0.9951 -0.0457 -0.0627 -0.0618 0.2188 -0.2996 0.0868 0.1028 0.2640 0.0001 15.4713 15.4749 15.4788 15.4762 0.0000 0.0000 0.0000
1.0727 -0.9492 0.9613 0.9952 -0.0448 -0.0608 -0.0618 0.1995 -0.2873 0.0843 0.1059 0.2662 0.0002 15.4801 15.4828 15.4864 15.4846 0.0000 0.0000 0.0000
1.0748 -0.9536 0.9633 0.9954 -0.0439 -0.0588 -0.0618 0.1809 -0.2753 0.0817 0.1087 0.2678 0.0004 15.4894 15.4912 15.4944 15.4933 0.0000 0.0000 0.0000
1.0767 -0.9578 0.9651 0.9955 -0.0430 -0.0569 -0.0619 0.1628 -0.2635 0.0791 0.1112 0.2688 0.0005 15.4990 15.5000 15.5029 15.5025 0.0000 0.0000 0.0000
1.0784 -0.9617 0.9668 0.9957 -0.0420 -0.0549 -0.0619 0.1454 -0.2519 0.0765 0.1134 0.2693 0.0006 15.5089 15.5092 15.5117 15.5119 0.0000 0.0000 0.0000
1.0798 -0.9655 0.9684 0.9958 -0.0410 -0.0529 -0.0619 0.1285 -0.2406 0.0739 0.1154 0.2693 0.0007 15.5190 15.5186 15.5208 15.5216 0.0000 0.0000 0.0000
1.0810 -0.9692 0.9700 0.9960 -0.0400 -0.0510 -0.0620 0.1122 -0.2295 0.0713 0.1171 0.2689 0.0008 15.5293 15.5282 15.5301 15.5315 0.0000 0.0000 0.0000
1.0821 -0.9726 0.9714 0.9961 -0.0390 -0.0490 -0.0620 0.0966 -0.2188 0.0687 0.1185 0.2679 0.0008 15.5398 15.5380 15.5395 15.5416 0.0000 0.0000 0.0000
1.0829 -0.9758 0.9728 0.9962 -0.0380 -0.0471 -0.0620 0.0815 -0.2082 0.0661 0.1196 0.2666 0.0009 15.5502 15.5478 15.5491 15.5517 0.0000 0.0000 0.0000
1.0835 -0.9789 0.9741 0.9964 -0.0370 -0.0452 -0.0621 0.0671 -0.1979 0.0636 0.1206 0.2648 0.0009 15.5607 15.5578 15.5587 15.5618 0.0000 0.0000 0.0000
1.0839 -0.9818 0.9753 0.9965 -0.0360 -0.0433 -0.0621 0.0532 -0.1879 0.0611 0.1213 0.2627 0.0010 15.5712 15.5677 15.5683 15.5719 0.0000 0.0000 0.0000
1.0842 -0.9845 0.9764 0.9966 -0.0349 -0.0414 -0.0621 0.0399 -0.1782 0.0587 0.1217 0.2602 0.0010 15.5815 15.5775 15.5779 15.5819 0.0000 0.0000 0.0000
1.0843 -0.9871 0.9775 0.9967 -0.0339 -0.0395 -0.0621 0.0272 -0.1688 0.0563 0.1220 0.2573 0.0010 15.5917 15.5873 15.5873 15.5918 0.0000 0.0000 0.0000
1.0843 -0.9895 0.9785 0.9968 -0.0329 -0.0376 -0.0622 0.0151 -0.1596 0.0540 0.1220 0.2542 0.0010 15.6018 15.5969 15.5967 15.6016 0.0000 0.0000 0.0000
1.0840 -0.9918 0.9794 0.9969 -0.0319 -0.0358 -0.0622 0.0035 -0.1506 0.0517 0.1219 0.2507 0.0010 15.6117 15.6064 15.6059 15.6112 0.0000 0.0000 0.0000
1.0837 -0.9939 0.9803 0.9970 -0.0308 -0.0340 -0.0622 -0.0075 -0.1420 0.0494 0.1215 0.2470 0.0010 15.6213 15.6157 15.6150 15.6206 0.0000 0.0000 0.0000
1.0832 -0.9959 0.9811 0.9971 -0.0298 -0.0322 -0.0622 -0.0179 -0.1336 0.0473 0.1210 0.2430 0.0010 15.6307 15.6247 15.6238 15.6297 0.0000 0.0000 0.0000
1.0826 -0.9977 0.9819 0.9972 -0.0288 -0.0305 -0.0622 -0.0278 -0.1255 0.0452 0.1203 0.2388 0.0009 15.6399 15.6336 15.6324 15.6386 0.0000 0.0000 0.0000
1.0818 -0.9994 0.9826 0.9973 -0.0278 -0.0288 -0.0622 -0.0372 -0.1177 0.0432 0.1195 0.2344 0.0009 15.6487 15.6421 15.6408 15.6472 0.0000 0.0000 0.0000
1.0810 -1.0010 0.9833 0.9973 -0.0268 -0.0271 -0.0623 -0.0460 -0.1101 0.0412 0.1185 0.2297 0.0009 15.6572 15.6504 15.6488 15.6555 0.0000 0.0000 0.0000
1.0800 -1.0025 0.9840 0.9974 -0.0258 -0.0254 -0.0623 -0.0544 -0.1028 0.0393 0.1173 0.2249 0.0009 15.6654 15.6583 15.6566 15.6635 0.0000 0.0000 0.0000
1.0789 -1.0038 0.9846 0.9975 -0.0248 -0.0238 -0.0623 -0.0622 -0.0958 0.0375 0.1161 0.2200 0.0008 15.6733 15.6660 15.6641 15.6712 0.0000 0.0000 0.0000
1.0777 -1.0050 0.9851 0.9975 -0.0239 -0.0222 -0.0623 -0.0695 -0.0890 0.0357 0.1147 0.2149 0.0008 15.6808 15.6733 15.6713 15.6786 0.0000 0.0000 0.0000
1.0765 -1.0061 0.9856 0.9976 -0.0229 -0.0207 -0.0623 -0.0763 -0.0824 0.0340 0.1131 0.2096 0.0008 15.6879 15.6804 15.6781 15.6856 0.0000 0.0000 0.0000
1.0751 -1.0071 0.9861 0.9976 -0.0220 -0.0192 -0.0623 -0.0827 -0.0762 0.0324 0.1115 0.2043 0.0008 15.6947 15.6870 15.6847 15.6922 0.0000 0.0000 0.0000
1.0737 -1.0080 0.9866 0.9977 -0.0210 -0.0178 -0.0623 -0.0886 -0.0701 0.0309 0.1098 0.1989 0.0007 15.7012 15.6934 15.6909 15.6985 0.0000 0.0000 0.0000
1.0722 -1.0089 0.9870 0.9977 -0.0201 -0.0163 -0.0624 -0.0941 -0.0644 0.0294 0.1079 0.1933 0.0007 15.7073 15.6994 15.6968 15.7045 0.0000 0.0000 0.0000
1.0706 -1.0096 0.9875 0.9978 -0.0193 -0.0150 -0.0624 -0.0991 -0.0588 0.0280 0.1060 0.1878 0.0007 15.7130 15.7051 15.7024 15.7102 0.0000 0.0000 0.0000
1.0690 -1.0102 0.9879 0.9978 -0.0184 -0.0136 -0.0624 -0.1038 -0.0535 0.0267 0.1040 0.1821 0.0006 15.7184 15.7104 15.7076 15.7155 0.0000 0.0000 0.0000
1.0673 -1.0107 0.9882 0.9978 -0.0175 -0.0123 -0.0624 -0.1080 -0.0484 0.0254 0.1020 0.1765 0.0006 15.7235 15.7155 15.7125 15.7204 0.0000 0.0000 0.0000
1.0656 -1.0112 0.9886 0.9979 -0.0167 -0.0111 -0.0624 -0.1118 -0.0436 0.0242 0.0998 0.1708 0.0006 15.7282 15.7202 15.7172 15.7251 0.0000 0.0000 0.0000
1.0638 -1.0116 0.9889 0.9979 -0.0159 -0.0099 -0.0624 -0.1152 -0.0390 0.0231 0.0976 0.1651 0.0006 15.7326 15.7246 15.7215 15.7294 0.0000 0.0000 0.0000
1.0620 -1.0119 0.9892 0.9979 -0.0151 -0.0087 -0.0624 -0.1183 -0.0346 0.0220 0.0954 0.1594 0.0005 15.7367 15.7287 15.7255 15.7334 0.0000 0.0000 0.0000
1.0601 -1.0122 0.9895 0.9979 -0.0143 -0.0076 -0.0624 -0.1210 -0.0304 0.0210 0.0931 0.1537 0.0005 15.7404 15.7325 15.7293 15.7371 0.0000 0.0000 0.0000
1.0583 -1.0124 0.9898 0.9979 -0.0135 -0.0065 -0.0624 -0.1234 -0.0264 0.0200 0.0908 0.1481 0.0005 15.7439 15.7360 15.7327 15.7405 0.0000 0.0000 0.0000
1.0564 -1.0125 0.9901 0.9980 -0.0128 -0.0054 -0.0624 -0.1254 -0.0226 0.0191 0.0885 0.1425 0.0005 15.7471 15.7392 15.7360 15.7437 0.0000 0.0000 0.0000
1.0544 -1.0125 0.9904 0.9980 -0.0121 -0.0044 -0.0624 -0.1271 -0.0190 0.0182 0.0861 0.1369 0.0005 15.7500 15.7422 15.7389 15.7466 0.0000 0.0000 0.0000
1.0525 -1.0126 0.9906 0.9980 -0.0114 -0.0035 -0.0624 -0.1285 -0.0156 0.0174 0.0837 0.1314 0.0005 15.7526 15.7450 15.7416 15.7492 0.0000 0.0000 0.0000
1.0506 -1.0125 0.9909 0.9980 -0.0107 -0.0025 -0.0624 -0.1296 -0.0124 0.0167 0.0813 0.1259 0.0004 15.7551 15.7475 15.7441 15.7516 0.0000 0.0000 0.0000
1.0486 -1.0124 0.9911 0.9980 -0.0100 -0.0017 -0.0625 -0.1305 -0.0094 0.0160 0.0788 0.1206 0.0004 15.7572 15.7498 15.7464 15.7538 0.0000 0.0000 0.0000
1.0466 -1.0123 0.9913 0.9980 -0.0094 -0.0008 -0.0625 -0.1310 -0.0065 0.0153 0.0764 0.1152 0.0004 15.7592 15.7518 15.7485 15.7558 0.0000 0.0000 0.0000
1.0447 -1.0121 0.9916 0.9980 -0.0088 -0.0000 -0.0625 -0.1314 -0.0039 0.0146 0.0740 0.1100 0.0004 15.7609 15.7537 15.7504 15.7575 0.0000 0.0000 0.0000
1.0427 -1.0119 0.9918 0.9980 -0.0082 0.0008 -0.0625 -0.1314 -0.0013 0.0140 0.0716 0.1049 0.0004 15.7625 15.7554 15.7521 15.7591 0.0000 0.0000 0.0000
1.0408 -1.0117 0.9920 0.9980 -0.0076 0.0015 -0.0625 -0.1313 0.0010 0.0135 0.0691 0.0998 0.0004 15.7639 15.7569 15.7536 15.7605 0.0000 0.0000 0.0000
1.0388 -1.0114 0.9922 0.9980 -0.0071 0.0022 -0.0625 -0.1309 0.0032 0.0129 0.0667 0.0949 0.0004 15.7651 15.7583 15.7550 15.7617 0.0000 0.0000 0.0000
1.0369 -1.0111 0.9924 0.9980 -0.0065 0.0029 -0.0625 -0.1303 0.0053 0.0124 0.0643 0.0901 0.0004 15.7661 15.7595 15.7562 15.7628 0.0000 0.0000 0.0000
1.0350 -1.0107 0.9926 0.9980 -0.0060 0.0035 -0.0625 -0.1295 0.0072 0.0120 0.0620 0.0854 0.0004 15.7670 15.7606 15.7573 15.7637 0.0000 0.0000 0.0000
1.0331 -1.0104 0.9928 0.9980 -0.0055 0.0041 -0.0625 -0.1285 0.0090 0.0115 0.0596 0.0808 0.0004 15.7678 15.7615 15.7583 15.7645 0.0000 0.0000 0.0000
1.0312 -1.0100 0.9930 0.9980 -0.0051 0.0046 -0.0625 -0.1273 0.0106 0.0111 0.0573 0.0763 0.0003 15.7685 15.7624 15.7592 15.7652 0.0000 0.0000 0.0000
1.0293 -1.0096 0.9931 0.9980 -0.0046 0.0052 -0.0625 -0.1260 0.0121 0.0107 0.0550 0.0720 0.0003 15.7690 15.7631 15.7599 15.7658 0.0000 0.0000 0.0000
1.0275 -1.0092 0.9933 0.9980 -0.0042 0.0057 -0.0625 -0.1245 0.0135 0.0103 0.0527 0.0677 0.0003 15.7694 15.7637 15.7606 15.7663 0.0000 0.0000 0.0000
1.0257 -1.0087 0.9935 0.9980 -0.0037 0.0061 -0.0625 -0.1228 0.0148 0.0100 0.0505 0.0636 0.0003 15.7698 15.7643 15.7612 15.7667 0.0000 0.0000 0.0000
1.0239 -1.0083 0.9936 0.9980 -0.0033 0.0066 -0.0625 -0.1210 0.0160 0.0096 0.0483 0.0597 0.0003 15.7701 15.7647 15.7617 15.7671 0.0000 0.0000 0.0000
1.0221 -1.0078 0.9938 0.9980 -0.0030 0.0070 -0.0625 -0.1191 0.0170 0.0093 0.0462 0.0558 0.0003 15.7703 15.7651 15.7622 15.7673 0.0000 0.0000 0.0000
1.0204 -1.0073 0.9940 0.9980 -0.0026 0.0074 -0.0625 -0.1171 0.0180 0.0090 0.0441 0.0521 0.0003 15.7704 15.7655 15.7626 15.7675 0.0000 0.0000 0.0000
1.0187 -1.0068 0.9941 0.9980 -0.0023 0.0077 -0.0625 -0.1149 0.0188 0.0087 0.0420 0.0486 0.0003 15.7705 15.7657 15.7629 15.7677 0.0000 0.0000 0.0000
1.0171 -1.0063 0.9943 0.9980 -0.0019 0.0080 -0.0625 -0.1126 0.0196 0.0085 0.0400 0.0452 0.0003 15.7706 15.7660 15.7632 15.7678 0.0000 0.0000 0.0000
1.0154 -1.0058 0.9944 0.9980 -0.0016 0.0084 -0.0625 -0.1103 0.0203 0.0082 0.0380 0.0419 0.0003 15.7706 15.7662 15.7635 15.7679 0.0000 0.0000 0.0000
1.0139 -1.0053 0.9946 0.9980 -0.0013 0.0086 -0.0625 -0.1078 0.0209 0.0079 0.0361 0.0387 0.0003 15.7705 15.7663 15.7637 15.7679 0.0000 0.0000 0.0000
1.0123 -1.0048 0.9947 0.9980 -0.0010 0.0089 -0.0625 -0.1053 0.0214 0.0077 0.0342 0.0357 0.0003 15.7705 15.7665 15.7639 15.7679 0.0000 0.0000 0.0000
1.0108 -1.0043 0.9949 0.9980 -0.0008 0.0091 -0.0625 -0.1026 0.0218 0.0075 0.0324 0.0328 0.0003 15.7704 15.7666 15.7641 15.7679 0.0000 0.0000 0.0000
1.0093 -1.0038 0.9950 0.9980 -0.0005 0.0094 -0.0625 -0.0999 0.0222 0.0072 0.0306 0.0301 0.0003 15.7703 15.7666 15.7643 15.7679 0.0000 0.0000 0.0000
1.0079 -1.0032 0.9951 0.9980 -0.0003 0.0096 -0.0625 -0.0972 0.0225 0.0070 0.0289 0.0275 0.0003 15.7702 15.7667 15.7644 15.7678 0.0000 0.0000 0.0000
1.0065 -1.0027 0.9953 0.9980 -0.0001 0.0097 -0.0625 -0.0943 0.0227 0.0068 0.0272 0.0250 0.0003 15.7700 15.7668 15.7645 15.7678 0.0000 0.0000 0.0000
1.0052 -1.0022 0.9954 0.9980 0.0001 0.0099 -0.0625 -0.0914 0.0229 0.0066 0.0256 0.0227 0.0003 15.7699 15.7668 15.7647 15.7677 0.0000 0.0000 0.0000
1.0039 -1.0017 0.9955 0.9980 0.0003 0.0101 -0.0625 -0.0885 0.0230 0.0064 0.0241 0.0205 0.0003 15.7698 15.7669 15.7648 15.7677 0.0000 0.0000 0.0000
1.0027 -1.0012 0.9956 0.9980 0.0005 0.0102 -0.0625 -0.0855 0.0230 0.0062 0.0226 0.0184 0.0003 15.7696 15.7669 15.7649 15.7676 0.0000 0.0000 0.0000
1.0015 -1.0007 0.9958 0.9980 0.0007 0.0103 -0.0625 -0.0825 0.0231 0.0060 0.0211 0.0164 0.0003 15.7695 15.7669 15.7650 15.7675 0.0000 0.0000 0.0000
1.0003 -1.0002 0.9959 0.9980 0.0009 0.0104 -0.0625 -0.0794 0.0230 0.0058 0.0197 0.0146 0.0003 15.7694 15.7670 15.7651 15.7675 0.0000 0.0000 0.0000
0.9992 -0.9997 0.9960 0.9980 0.0010 0.0105 -0.0625 -0.0763 0.0229 0.0056 0.0184 0.0129 0.0003 15.7693 15.7670 15.7652 15.7674 0.0000 0.0000 0.0000
0.9981 -0.9992 0.9961 0.9980 0.0011 0.0106 -0.0625 -0.0732 0.0228 0.0054 0.0171 0.0113 0.0003 15.7691 15.7671 15.7654 15.7674 0.0000 0.0000 0.0000
0.9971 -0.9988 0.9962 0.9980 0.0013 0.0107 -0.0625 -0.0701 0.0227 0.0053 0.0159 0.0098 0.0003 15.7690 15.7671 15.7655 15.7674 0.0000 0.0000 0.0000
0.9961 -0.9983 0.9963 0.9980 0.0014 0.0107 -0.0625 -0.0669 0.0225 0.0051 0.0147 0.0085 0.0003 15.7689 15.7672 15.7656 15.7674 0.0000 0.0000 0.0000
0.9952 -0.9978 0.9964 0.9980 0.0015 0.0108 -0.0625 -0.0637 0.0222 0.0049 0.0136 0.0072 0.0003 15.7689 15.7672 15.7658 15.7674 0.0000 0.0000 0.0000
0.9943 -0.9974 0.9965 0.9980 0.0016 0.0108 -0.0625 -0.0605 0.0220 0.0047 0.0125 0.0061 0.0003 15.7688 15.7673 15.7659 15.7674 0.0000 0.0000 0.0000
0.9935 -0.9970 0.9966 0.9980 0.0017 0.0109 -0.0625 -0.0573 0.0217 0.0046 0.0115 0.0050 0.0002 15.7687 15.7674 15.7661 15.7674 0.0000 0.0000 0.0000
0.9927 -0.9965 0.9967 0.9980 0.0018 0.0109 -0.0625 -0.0541 0.0214 0.0044 0.0105 0.0041 0.0002 15.7687 15.7675 15.7662 15.7674 0.0000 0.0000 0.0000
0.9919 -0.9961 0.9967 0.9980 0.0019 0.0109 -0.0625 -0.0508 0.0211 0.0042 0.0096 0.0032 0.0002 15.7687 15.7676 15.7664 15.7675 0.0000 0.0000 0.0000
0.9913 -0.9957 0.9968 0.9980 0.0019 0.0109 -0.0625 -0.0476 0.0207 0.0041 0.0087 0.0025 0.0002 15.7687 15.7677 15.7666 15.7675 0.0000 0.0000 0.0000
0.9906 -0.9953 0.9969 0.9980 0.0020 0.0109 -0.0625 -0.0444 0.0203 0.0039 0.0079 0.0018 0.0002 15.7687 15.7678 15.7668 15.7676 0.0000 0.0000 0.0000
0.9900 -0.9949 0.9970 0.9980 0.0020 0.0110 -0.0625 -0.0411 0.0200 0.0038 0.0071 0.0012 0.0002 15.7687 15.7680 15.7670 15.7677 0.0000 0.0000 0.0000
0.9895 -0.9946 0.9970 0.9980 0.0021 0.0110 -0.0625 -0.0378 0.0195 0.0036 0.0064 0.0007 0.0002 15.7688 15.7681 15.7672 15.7678 0.0000 0.0000 0.0000
0.9890 -0.9942 0.9971 0.9980 0.0021 0.0110 -0.0625 -0.0346 0.0191 0.0035 0.0057 0.0003 0.0002 15.7688 15.7683 15.7674 15.7679 0.0000 0.0000 0.0000
0.9885 -0.9939 0.9972 0.9980 0.0022 0.0110 -0.0625 -0.0313 0.0187 0.0033 0.0051 -0.0001 0.0002 15.7689 15.7685 15.7677 15.7681 0.0000 0.0000 0.0000
0.9881 -0.9936 0.9972 0.9980 0.0022 0.0110 -0.0625 -0.0281 0.0182 0.0032 0.0045 -0.0004 0.0002 15.7690 15.7686 15.7679 15.7682 0.0000 0.0000 0.0000
0.9877 -0.9932 0.9973 0.9980 0.0023 0.0109 -0.0625 -0.0248 0.0178 0.0031 0.0040 -0.0007 0.0002 15.7691 15.7688 15.7682 15.7684 0.0000 0.0000 0.0000
0.9874 -0.9929 0.9973 0.9980 0.0023 0.0109 -0.0625 -0.0216 0.0173 0.0029 0.0035 -0.0008 0.0002 15.7693 15.7690 15.7684 15.7686 0.0000 0.0000 0.0000
0.9872 -0.9926 0.9974 0.9980 0.0023 0.0109 -0.0625 -0.0183 0.0169 0.0028 0.0030 -0.0010 0.0002 15.7694 15.7693 15.7687 15.7688 0.0000 0.0000 0.0000
0.9869 -0.9924 0.9974 0.9980 0.0023 0.0109 -0.0625 -0.0151 0.0164 0.0027 0.0026 -0.0011 0.0002 15.7696 15.7695 15.7690 15.7691 0.0000 0.0000 0.0000
0.9868 -0.9921 0.9975 0.9980 0.0023 0.0109 -0.0625 -0.0118 0.0159 0.0025 0.0022 -0.0011 0.0001 15.7698 15.7698 15.7693 15.7693 0.0000 0.0000 0.0000
0.9867 -0.9918 0.9975 0.9980 0.0024 0.0109 -0.0625 -0.0086 0.0154 0.0024 0.0019 -0.0011 0.0001 15.7701 15.7701 15.7697 15.7696 0.0000 0.0000 0.0000
0.9866 -0.9916 0.9976 0.9980 0.0024 0.0109 -0.0625 -0.0053 0.0149 0.0023 0.0016 -0.0011 0.0001 15.7703 15.7704 15.7700 15.7699 0.0000 0.0000 0.0000
0.9866 -0.9914 0.9976 0.9980 0.0024 0.0109 -0.0625 -0.0021 0.0144 0.0022 0.0013 -0.0011 0.0001 15.7706 15.7707 15.7704 15.7703 0.0000 0.0000 0.0000
0.9866 -0.9912 0.9976 0.9980 0.0024 0.0109 -0.0625 0.0012 0.0139 0.0021 0.0011 -0.0010 0.0001 15.7710 15.7711 15.7708 15.7707 0.0000 0.0000 0.0000
0.9866 -0.9910 0.9977 0.9980 0.0024 0.0109 -0.0625 0.0044 0.0134 0.0020 0.0009 -0.0009 0.0001 15.7714 15.7715 15.7712 15.7711 0.0000 0.0000 0.0000
0.9868 -0.9908 0.9977 0.9980 0.0024 0.0109 -0.0625 0.0076 0.0129 0.0019 0.0007 -0.0008 0.0001 15.7718 15.7719 15.7717 15.7715 0.0000 0.0000 0.0000
0.9869 -0.9906 0.9977 0.9980 0.0024 0.0109 -0.0625 0.0109 0.0124 0.0019 0.0005 -0.0007 0.0001 15.7722 15.7724 15.7722 15.7720 0.0000 0.0000 0.0000
0.9871 -0.9905 0.9977 0.9980 0.0024 0.0109 -0.0625 0.0141 0.0119 0.0018 0.0004 -0.0006 0.0001 15.7728 15.7729 15.7728 15.7726 0.0000 0.0000 0.0000
0.9874 -0.9903 0.9978 0.9980 0.0024 0.0108 -0.0625 0.0173 0.0114 0.0017 0.0003 -0.0004 0.0001 15.7733 15.7734 15.7734 15.7732 0.0000 0.0000 0.0000
0.9877 -0.9902 0.9978 0.9980 0.0024 0.0108 -0.0625 0.0206 0.0109 0.0017 0.0002 -0.0003 0.0001 15.7740 15.7741 15.7740 15.7738 0.0000 0.0000 0.0000
0.9880 -0.9901 0.9978 0.9980 0.0024 0.0108 -0.0625 0.0238 0.0104 0.0017 0.0001 -0.0002 0.0000 15.7746 15.7747 15.7747 15.7746 0.0000 0.0000 0.0000
0.9884 -0.9900 0.9978 0.9980 0.0024 0.0108 -0.0625 0.0270 0.0099 0.0016 0.0001 -0.0001 0.0000 15.7754 15.7755 15.7755 15.7753 0.0000 0.0000 0.0000
0.9889 -0.9899 0.9978 0.9980 0.0024 0.0108 -0.0625 0.0302 0.0094 0.0016 0.0000 -0.0001 0.0000 15.7763 15.7763 15.7763 15.7762 0.0000 0.0000 0.0000
0.9894 -0.9898 0.9978 0.9980 0.0024 0.0108 -0.0625 0.0335 0.0088 0.0016 0.0000 -0.0000 0.0000 15.7772 15.7772 15.7772 15.7772 0.0000 0.0000 0.0000
0.9899 -0.9897 0.9979 0.9980 0.0024 0.0108 -0.0625 0.0367 0.0083 0.0017 -0.0000 0.0000 0.0000 15.7772 15.7772 15.7772 15.7772 0.0000 0.0000 0.0000
0.9899 -0.9897 0.9979 0.9980 0.0024 0.0108 -0.0625 0.0367 0.0083 0.0017 -0.0000 0.0000 0.0000 15.7772 15.7772 15.7772 15.7772 0.0000 0.0000 0.0000
0.9899 -0.9897 0.9979 0.9980 0.0024 0.0108 -0.0625 0.0367 0.0083 0.0017 -0.0000 0.0000 0.0000 15.7772 15.7772 15.7772 15.7772 0.0000 0.0000 0.0000
0.9899 -0.9897 0.9979 0.9980 0.0024 0.0108 -0.0625 0.0367 0.0083 0.0017 -0.0000 0.0000 0.0000 15.7772 15.7772 15.7772 15.7772 0.0000 0.0000 0.0000
0.9899 -0.9897 0.9979 0.9980 0.0024 0.0108 -0.0625 0.0367 0.0083 0.0017 -0.0000 0.0000 0.0000 15.7772 15.7772 15.7772 15.7772 0.0000 0.0000 0.0000
0.9899 -0.9897 0.9979 0.9980 0.0024 0.0108 -0.0625 0.0367 0.0083 0.0017 -0.0000 0.0000 0.0000 15.7772 15.7772 15.7772 15.7772 0.0000 0.0000 0.0000
0.9899 -0.9897 0.9979 0.9980 0.0024 0.0108 -0.0625 0.0367 0.0083 0.0017 -0.0000 0.0000 0.0000 15.7772 15.7772 15.7772 15.7772 0.0000 0.0000 0.0000
0.9899 -0.9897 0.9979 0.9980 0.0024 0.0108 -0.0625 0.0367 0.0083 0.0017 -0.0000 0.0000 0.0000 15.7772 15.7772 15.7772 15.7772 0.0000 0.0000 0.0000
0.9899 -0.9897 0.9979 0.9980 0.0024 0.0108 -0.0625 0.0367 0.0083 0.0017 -0.0000 0.0000 0.0000 15.7772 15.7772 15.7772 15.7772 0.0000 0.0000 0.0000
0.9899 -0.9897 0.9979 0.9980 0.0024 0.0108 -0.0625 0.0367 0.0083 0.0017 -0.0000 0.0000 0.0000 15.7772 15.7772 15.7772 15.7772 0.0000 0.0000 0.0000
0.9899 -0.9897 0.9979 0.9980 0.0024 0.0108 -0.0625 0.0367 0.0083 0.0017 -0.0000 0.0000 0.0000 15.7772 15.7772 15.7772 15.7772 0.0000 0.0000 0.0000
0.9899 -0.9897 0.9979 0.9980 0.0024 0.0108 -0.0625 0.0367 0.0083 0.0017 -0.0000 0.0000 0.0000 15.7772 15.7772 15.7772 15.7772 0.0000 0.0000 0.0000
0.9899 -0.9897 0.9979 0.9980 0.0024 0.0108 -0.0625 0.0367 0.0083 0.0017 -0.0000 0.0000 0.0000 15.7772 15.7772 15.7772 15.7772 0.0000 0.0000 0.0000
0.9899 -0.9897 0.9979 0.9980 0.0024 0.0108 -0.0625 0.0367 0.0083 0.0017 -0.0000 0.0000 0.0000 15.7772 15.7772 15.7772 15.7772 0.0000 0.0000 0.0000
0.9899 -0.9897 0.9979 0.9980 0.0024 0.0108 -0.0625 0.0367 0.0083 0.0017 -0.0000 0.0000 0.0000 15.7772 15.7772 15.7772 15.7772 0.0000 0.0000 0.0000
0.9899 -0.9897 0.9979 0.9980 0.0024 0.0108 -0.0625 0.0367 0.0083 0.0017 -0.0000 0.0000 0.0000 15.7772 15.7772 15.7772 15.7772 0.0000 0.0000 0.0000
0.9899 -0.9897 0.9979 0.9980 0.0024 0.0108 -0.0625 0.0367 0.0083 0.0017 -0.0000 0.0000 0.0000 15.7772 15.7772 15.7772 15.7772 0.0000 0.0000 0.0000
0.9899 -0.9897 0.9979 0.9980 0.0024 0.0108 -0.0625 0.0367 0.0083 0.0017 -0.0000 0.0000 0.0000 15.7772 15.7772 15.7772 15.7772 0.0000 0.0000 0.0000
0.9899 -0.9897 0.9979 0.9980 0.0024 0.0108 -0.0625 0.0367 0.0083 0.0017 -0.0000 0.0000 0.0000 15.7772 15.7772 15.7772 15.7772 0.0000 0.0000 0.0000
0.9899 -0.9897 0.9979 0.9980 0.0024 0.0108 -0.0625 0.0367 0.0083 0.0017 -0.0000 0.0000 0.0000 15.7772 15.7772 15.7772 15.7772 0.0000 0.0000 0.0000
0.9899 -0.9897 0.9979 0.9980 0.0024 0.0108 -0.0625 0.0367 0.0083 0.0017 -0.0000 0.0000 0.0000 15.7772 15.7772 15.7772 15.7772 0.0000 0.0000 0.0000
0.9899 -0.9897 0.9979 0.9980 0.0024 0.0108 -0.0625 0.0367 0.0083 0.0017 -0.0000 0.0000 0.0000 15.7772 15.7772 15.7772 15.7772 0.0000 0.0000 0.0000
0.9899 -0.9897 0.9979 0.9980 0.0024 0.0108 -0.0625 0.0367 0.0083 0.0017 -0.0000 0.0000 0.0000 15.7772 15.7772 15.7772 15.7772 0.0000 0.0000 0.0000
0.9899 -0.9897 0.9979 0.9980 0.0024 0.0108 -0.0625 0.0367 0.0083 0.0017 -0.0000 0.0000 0.0000 15.7772 15.7772 15.7772 15.7772 0.0000 0.0000 0.0000
0.9899 -0.9897 0.9979 0.9980 0.0024 0.0108 -0.0625 0.0367 0.0083 0.0017 -0.0000 0.0000 0.0000 15.7772 15.7772 15.7772 15.7772 0.0000 0.0000 0.0000
0.9899 -0.9897 0.9979 0.9980 0.0024 0.0108 -0.0625 0.0367 0.0083 0.0017 -0.0000 0.0000 0.0000 15.7772 15.7772 15.7772 15.7772 0.0000 0.0000 0.0000
0.9899 -0.9897 0.9979 0.9980 0.0024 0.0108 -0.0625 0.0367 0.0083 0.0017 -0.0000 0.0000 0.0000 15.7772 15.7772 15.7772 15.7772 0.0000 0.0000 0.0000
0.9899 -0.9897 0.9979 0.9980 0.0024 0.0108 -0.0625 0.0367 0.0083 0.0017 -0.0000 0.0000 0.0000 15.7772 15.7772 15.7772 15.7772 0.0000 0.0000 0.0000
0.9899 -0.9897 0.9979 0.9980 0.0024 0.0108 -0.0625 0.0367 0.0083 0.0017 -0.0000 0.0000 0.0000 15.7772 15.7772 15.7772 15.7772 0.0000 0.0000 0.0000
0.9899 -0.9897 0.9979 0.9980 0.0024 0.0108 -0.0625 0.0367 0.0083 0.0017 -0.0000 0.0000 0.0000 15.7772 15.7772 15.7772 15.7772 0.0000 0.0000 0.0000
0.9899 -0.9897 0.9979 0.9980 0.0024 0.0108 -0.0625 0.0367 0.0083 0.0017 -0.0000 0.0000 0.0000 15.7772 15.7772 15.7772 15.7772 0.0000 0.0000 0.0000
0.9899 -0.9897 0.9979 0.9980 0.0024 0.0108 -0.0625 0.0367 0.0083 0.0017 -0.0000 0.0000 0.0000 15.7772 15.7772 15.7772 15.7772 0.0000 0.0000 0.0000
0.9899 -0.9897 0.9979 0.9980 0.0024 0.0108 -0.0625 0.0367 0.0083 0.0017 -0.0000 0.0000 0.0000 15.7772 15.7772 15.7772 15.7772 0.0000 0.0000 0.0000
0.9899 -0.9897 0.9979 0.9980 0.0024 0.0108 -0.0625 0.0367 0.0083 0.0017 -0.0000 0.0000 0.0000 15.7772 15.7772 15.7772 15.7772 0.0000 0.0000 0.0000
0.9899 -0.9897 0.9979 0.9980 0.0024 0.0108 -0.0625 0.0367 0.0083 0.0017 -0.0000 0.0000 0.0000 15.7772 15.7772 15.7772 15.7772 0.0000 0.0000 0.0000
0.9899 -0.9897 0.9979 0.9980 0.0024 0.0108 -0.0625 0.0367 0.0083 0.0017 -0.0000 0.0000 0.0000 15.7772 15.7772 15.7772 15.7772 0.0000 0.0000 0.0000
0.9899 -0.9897 0.9979 0.9980 0.0024 0.0108 -0.0625 0.0367 0.0083 0.0017 -0.0000 0.0000 0.0000 15.7772 15.7772 15.7772 15.7772 0.0000 0.0000 0.0000
0.9899 -0.9897 0.9979 0.9980 0.0024 0.0108 -0.0625 0.0367 0.0083 0.0017 -0.0000 0.0000 0.0000 15.7772 15.7772 15.7772 15.7772 0.0000 0.0000 0.0000
0.9899 -0.9897 0.9979 0.9980 0.0024 0.0108 -0.0625 0.0367 0.0083 0.0017 -0.0000 0.0000 0.0000 15.7772 15.7772 15.7772 15.7772 0.0000 0.0000 0.0000
0.9899 -0.9897 0.9979 0.9980 0.0024 0.0108 -0.0625 0.0367 0.0083 0.0017 -0.0000 0.0000 0.0000 15.7772 15.7772 15.7772 15.7772 0.0000 0.0000 0.0000
0.9899 -0.9897 0.9979 0.9980 0.0024 0.0108 -0.0625 0.0367 0.0083 0.0017 -0.0000 0.0000 0.0000 15.7772 15.7772 15.7772 15.7772 0.0000 0.0000 0.0000
0.9899 -0.9897 0.9979 0.9980 0.0024 0.0108 -0.0625 0.0367 0.0083 0.0017 -0.0000 0.0000 0.0000 15.7772 15.7772 15.7772 15.7772 0.0000 0.0000 0.0000
0.9899 -0.9897 0.9979 0.9980 0.0024 0.0108 -0.0625 0.0367 0.0083 0.0017 -0.0000 0.0000 0.0000 15.7772 15.7772 15.7772 15.7772 0.0000 0.0000 0.0000
0.9899 -0.9897 0.9979 0.9980 0.0024 0.0108 -0.0625 0.0367 0.0083 0.0017 -0.0000 0.0000 0.0000 15.7772 15.7772 15.7772 15.7772 0.0000 0.0000 0.0000
0.9899 -0.9897 0.9979 0.9980 0.0024 0.0108 -0.0625 0.0367 0.0083 0.0017 -0.0000 0.0000 0.0000 15.7772 15.7772 15.7772 15.7772 0.0000 0.0000 0.0000
0.9899 -0.9897 0.9979 0.9980 0.0024 0.0108 -0.0625 0.0367 0.0083 0.0017 -0.0000 0.0000 0.0000 15.7772 15.7772 15.7772 15.7772 0.0000 0.0000 0.0000
0.9899 -0.9897 0.9979 0.9980 0.0024 0.0108 -0.0625 0.0367 0.0083 0.0017 -0.0000 0.0000 0.0000 15.7772 15.7772 15.7772 15.7772 0.0000 0.0000 0.0000
0.9899 -0.9897 0.9979 0.9980 0.0024 0.0108 -0.0625 0.0367 0.0083 0.0017 -0.0000 0.0000 0.0000 15.7772 15.7772 15.7772 15.7772 0.0000 0.0000 0.0000
0.9899 -0.9897 0.9979 0.9980 0.0024 0.0108 -0.0625 0.0367 0.0083 0.0017 -0.0000 0.0000 0.0000 15.7772 15.7772 15.7772 15.7772 0.0000 0.0000 0.0000
0.9899 -0.9897 0.9979 0.9980 0.0024 0.0108 -0.0625 0.0367 0.0083 0.0017 -0.0000 0.0000 0.0000 15.7772 15.7772 15.7772 15.7772 0.0000 0.0000 0.0000
0.9899 -0.9897 0.9979 0.9980 0.0024 0.0108 -0.0625 0.0367 0.0083 0.0017 -0.0000 0.0000 0.0000 15.7772 15.7772 15.7772 15.7772 0.0000 0.0000 0.0000
