0.0000 0.0000 0.010 1.0000 0.0000 0.0000 0.0000 0.0000 0.0000 0.0000 0.0000 0.0000 0.0000 15.7777 15.7777 15.7777 15.7777
0.0000 0.0000 0.020 1.0000 0.0000 0.0000 0.0000 0.0000 0.0000 0.0000 0.0000 0.0000 0.0000 15.7777 15.7777 15.7777 15.7777
0.0000 0.0000 0.030 1.0000 0.0000 0.0000 0.0000 0.0000 0.0000 0.0000 0.0000 0.0000 0.0000 15.7777 15.7777 15.7777 15.7777
0.0000 0.0000 0.040 1.0000 0.0000 0.0000 0.0000 0.0000 0.0000 0.0000 0.0000 0.0000 0.0000 15.7777 15.7777 15.7777 15.7777
0.0000 0.0000 0.050 1.0000 0.0000 0.0000 0.0000 0.0000 0.0000 0.0000 0.0000 0.0000 0.0000 15.7777 15.7777 15.7777 15.7777
0.0000 0.0000 0.060 1.0000 0.0000 0.0000 0.0000 0.0000 0.0000 0.0000 0.0000 0.0000 0.0000 15.7777 15.7777 15.7777 15.7777
0.0000 0.0000 0.070 1.0000 0.0000 0.0000 0.0000 0.0000 0.0000 0.0000 0.0000 0.0000 0.0000 15.7777 15.7777 15.7777 15.7777
0.0000 0.0000 0.080 1.0000 0.0000 0.0000 0.0000 0.0000 0.0000 0.0000 0.0000 0.0000 0.0000 15.7777 15.7777 15.7777 15.7777
0.0000 0.0000 0.080 1.0000 0.0000 0.0000 0.0000 0.0000 0.0000 0.0000 0.0000 0.0000 0.0000 15.7777 15.7777 15.7777 15.7777
0.0000 0.0000 0.090 1.0000 0.0000 0.0000 0.0000 0.0000 0.0000 0.0000 0.0000 0.0000 0.0000 15.7777 15.7777 15.7777 15.7777
0.0000 0.0000 0.100 1.0000 0.0000 0.0000 0.0000 0.0000 0.0000 0.0000 0.0000 0.0000 0.0000 15.7777 15.7777 15.7777 15.7777
